126.490410
152.276627
126.841309
151.212646
126.755363
153.508667
126.082932
154.895370
126.056488
155.673843
126.487778
154.235840
125.858131
153.158112
126.575676
152.189896
126.785149
154.978394
126.941040
156.562256
125.849037
157.637680
126.854668
156.109695
125.427841
152.386490
125.557716
153.396835
125.865234
156.873459
127.494827
157.265533
125.835503
158.032822
126.415001
157.078949
125.889107
151.926056
125.311584
153.385864
125.286301
157.258667
126.995056
158.649796
125.461700
158.362213
126.967392
156.447006
126.109558
149.806381
125.739296
152.069778
124.864296
156.815125
126.889778
157.561523
125.052231
156.487732
126.395729
155.788940
125.664459
149.354660
126.354088
151.470688
125.023743
152.818100
127.178291
154.661835
125.309349
155.276947
125.706718
155.806992
127.924950
56.368137
128.545502
54.989651
128.378220
54.324497
128.330566
54.321426
128.881149
54.994804
129.049622
55.317783
127.898567
55.136284
128.753830
54.658222
128.676544
54.187702
128.199417
53.189438
128.541718
54.171322
129.133926
54.058514
128.359680
54.336254
128.323074
54.227924
129.055450
52.671574
128.084549
53.006939
128.766449
53.425526
128.760345
53.424156
128.724197
53.048157
129.101852
54.590530
128.933151
53.223480
128.231018
53.262230
128.789764
52.728722
128.958923
53.404659
128.534256
54.179363
129.077759
54.880157
129.014160
53.017704
128.374146
52.252502
128.809555
52.967239
128.991058
53.514236
128.230591
55.005295
129.005127
54.477921
128.992920
53.342014
128.532806
52.771812
129.057449
52.686096
128.951660
53.127277
128.378143
91.425697
128.049881
90.928787
127.836632
88.223045
126.853317
89.972099
127.154289
87.952255
128.168167
84.865784
127.601738
93.903641
128.160919
92.201286
127.758255
90.230202
126.896034
91.737297
126.787262
90.564751
128.397369
88.649475
127.579933
96.509758
128.344772
94.600891
127.567390
94.176445
127.673218
93.815712
127.235573
93.000137
128.228256
91.287247
127.583359
99.489342
127.256401
98.204605
127.750984
98.122780
127.593552
97.492691
126.870567
96.629784
128.089935
94.010017
128.283432
102.466637
126.817314
101.187271
128.229233
100.700233
126.915619
100.133476
127.833130
97.661232
127.705711
95.512520
127.954117
103.572746
127.468361
103.312195
128.313065
102.530037
127.342743
101.256348
127.556656
99.802719
127.202911
97.785629
127.373230
111.554298
126.419655
113.077415
126.434181
112.418365
127.993683
113.028526
126.878899
114.396477
126.986366
113.490425
127.309944
110.673645
127.270798
111.493797
126.551926
111.849327
127.982048
113.207695
127.470421
114.367279
126.246330
114.024010
126.404839
108.915543
127.708893
110.640465
126.446869
112.908943
127.469139
112.196793
127.981834
113.071205
125.949951
112.424751
125.976120
109.719536
127.370384
110.349571
126.593910
111.386787
127.968643
111.251770
127.520988
111.939018
125.824547
111.368141
125.959549
108.191750
126.191444
109.785957
126.581802
108.406807
128.347260
110.098633
126.695442
108.675606
126.994263
108.040894
126.113441
103.603012
127.623573
107.409668
127.045158
106.267159
127.721550
108.386223
126.424423
108.485077
127.265182
108.743095
128.575348
41.715057
128.625717
40.758896
128.814575
41.083370
128.971146
41.000027
129.000641
40.862648
128.518646
41.829941
128.719711
40.986122
128.693069
40.203354
128.839096
40.171955
128.529724
40.239326
128.870178
40.445129
128.595306
41.373131
128.710373
40.449718
128.735092
39.840401
128.501068
39.795422
128.738693
39.847900
128.698166
39.634804
128.612289
40.677803
128.509949
41.438618
128.842194
39.974030
128.699615
40.088875
129.002396
39.749172
128.629379
40.183144
128.739883
40.727879
128.527512
41.842937
129.072678
40.757381
128.756027
40.210796
128.971191
40.064686
128.567902
40.854729
128.755630
41.304783
128.730927
43.490997
128.916473
42.010452
128.670166
41.447369
128.997620
41.949070
128.668991
41.934608
128.860306
43.077721
128.959457
75.729095
129.284714
76.466316
128.464584
74.720230
129.283371
72.841507
128.963593
72.820610
128.279419
73.159752
129.495560
78.152596
129.243225
78.154266
128.174759
75.722870
128.958710
74.714378
129.241653
73.717941
128.367905
73.470467
128.981705
81.168465
129.199570
80.966095
128.239075
78.544205
128.714737
77.114616
129.064056
75.031960
128.602341
75.099411
128.399750
83.273445
129.058029
82.100677
127.709869
80.329689
128.840134
79.056847
129.199417
77.479134
128.196060
77.647026
128.072952
83.239517
129.592834
83.271965
127.678360
81.443405
128.840637
81.599266
128.476852
80.978249
128.441711
80.118095
127.986641
84.314789
129.464859
85.228256
128.462006
83.095093
128.827423
83.640846
127.850060
83.668037
128.546799
81.694756
129.732040
92.564751
128.104431
96.668205
129.075500
98.800064
128.065506
101.674660
128.085724
102.098984
127.362793
102.540672
128.912003
89.351440
127.958405
92.562714
128.949509
94.251862
128.789368
97.595535
127.936905
99.086502
126.965462
100.091942
128.299240
83.056541
129.044617
86.721886
128.347305
89.211334
128.885742
92.557053
128.610977
95.082451
127.861183
95.640884
128.025726
76.791382
129.601425
79.916794
128.201767
83.338417
128.473724
86.948936
128.729752
90.152176
128.506851
90.850601
128.568787
71.919487
129.332382
73.316940
128.131805
76.717415
128.771698
80.416168
128.549561
82.678864
128.926010
85.286720
128.824570
69.545799
129.234665
70.299026
128.559830
73.137672
128.720901
74.779610
127.745956
78.539154
128.712860
80.069313
125.666641
187.882065
124.448326
187.560959
127.208885
187.254349
126.186188
186.382538
126.251694
183.964371
124.927551
181.373047
126.084282
190.429260
125.246994
190.025223
126.388741
189.268234
126.455765
187.444916
126.258621
185.640976
125.343353
182.587265
126.381767
190.785248
125.472557
191.858215
125.537941
191.288452
125.757484
190.278275
126.589249
188.551758
124.929161
183.296585
125.509911
191.291977
125.226318
192.583206
125.955711
192.642715
125.712166
190.800156
126.957542
187.657623
124.991920
184.950516
125.681023
189.767441
125.261070
190.848587
126.580978
193.155518
125.048149
190.975510
127.101578
189.630234
124.361969
184.796036
126.532982
185.780289
125.327713
188.246078
125.917458
189.958481
125.305473
188.242752
126.605476
187.613907
124.072746
183.769379
128.096054
66.280449
129.188812
66.757339
128.914520
67.189133
128.927780
67.138908
129.093231
66.737564
128.181183
67.036758
127.807564
66.284767
128.984894
66.826714
128.710709
66.645767
128.591324
65.546265
128.896484
65.871346
128.611374
66.668518
127.968544
66.701149
128.849152
67.043289
128.801102
65.680344
128.378922
65.491806
129.202972
65.048706
129.191895
66.509384
128.555984
68.065521
128.675400
67.379829
128.483612
65.621284
128.460480
65.421867
128.927078
65.811241
129.107132
66.043503
128.781601
68.601227
128.481140
67.233292
128.735016
66.028236
128.954865
65.295441
128.868286
65.493156
128.658173
66.820862
128.705017
68.597557
128.968933
67.140427
128.903641
66.747925
128.863205
66.643539
128.593262
66.146576
128.770157
66.488449
126.715149
128.295959
126.682007
128.491470
127.436935
129.958069
127.515678
129.406845
126.904663
130.501495
125.880035
130.559402
126.954674
126.731857
126.774612
128.629456
126.603683
129.767593
127.481934
129.498047
127.302383
130.565811
126.239059
130.466263
126.750725
127.244049
126.693596
129.083191
126.035385
128.944244
127.234543
129.277222
127.266449
131.431946
126.543320
129.709473
126.705154
129.730225
126.636841
130.016174
126.256546
128.868851
126.441452
131.403946
127.623589
130.229385
126.191406
130.772858
127.220978
130.346115
127.142342
130.512314
127.117302
128.882370
126.257477
131.062439
127.414154
130.974060
126.336128
132.598999
126.747894
131.220276
126.377876
131.971115
127.117867
130.149033
126.295647
131.708359
127.065628
133.075211
126.548302
131.496780
