0.041199703 -0.06552154 0.012812377 -0.015213393
-0.02333716 -0.5797803 0.070521936 -0.020698227
-0.076349206 -0.011756621 -0.0072519574 0.025034975
0.1319132 -0.034409016 -0.0041612424 -0.062266834
0.034061052 -0.018573321 0.010872573 0.027509429
-0.019717451 -0.08139008 -0.36885762 -0.014598904
-0.2343355 -0.17301862 -0.3626035 0.008230975
0.004303472 0.031264503 -0.005185742 -0.043204036
-0.056818597 -0.03226918 0.1513819 0.17776917
-0.17330433 -0.030768508 0.020146372 0.16986832
0.03981492 0.14697091 -0.079819076 0.02973844
0.045048866 -0.032058243 0.038776956 -0.042020798
0.1458798 0.036848586 0.0031738076 0.029665545
-0.016499856 0.050416626 -0.024886573 -0.16086209
0.01149142 0.05090377 -0.08329658 -0.20335501
0.2128384 0.025418205 0.4117606 0.026191484
0.22751892 -0.04442304 -0.08392458 0.0033160592
0.043364972 -0.4874984 0.051230513 -0.012429547
0.85144335 0.07564113 -0.9031238 0.000352012
-0.12725562 -0.5957189 0.10023683 0.1781722
